,Country,LeaguePrestige,TeamPrestige,PlayersNeeded,AvailableBudget,YearsOffer,AAVOffer,ContractScore,Score
Cartagena,Colombia,1,0,1.0,0.6666666666666667,3,0.6666666666666667,100.0,40.2
Ibra,Oman,1,0,2.0,1.0,3,0.6666666666666666,99.99999999999997,40.199999999999996
Garissa,Kenya,1,0,2.0,1.0,3,0.6666666666666666,99.99999999999997,40.199999999999996
Meru,Kenya,1,0,2.0,1.0,3,0.6666666666666666,99.99999999999997,40.199999999999996
Taza,Morocco,1,0,2.0,1.0,3,0.6666666666666666,99.99999999999997,40.199999999999996
Ibri,Oman,1,0,2.0,1.0,3,0.6666666666666666,99.99999999999997,40.199999999999996
Bidbid,Oman,1,0,2.0,1.0,3,0.6666666666666666,99.99999999999997,40.199999999999996
Surat Thani,Thailand,45,0,1.0,0.5333333333333332,3,0.5333333333333332,63.99999999999997,34.599999999999994
Al Khuwair,Oman,1,0,2.0,0.8999999999999999,3,0.6,80.99999999999999,32.6
Spišská Nová Ves,Slovakia,1,0,2.0,0.8999999999999999,3,0.6,80.99999999999999,32.6
Thika,Kenya,1,0,2.0,0.8999999999999999,3,0.6,80.99999999999999,32.6
Prievidza,Slovakia,1,0,2.0,0.8999999999999999,3,0.6,80.99999999999999,32.6
Kherson,Ukraine,1,0,2.0,0.8999999999999999,3,0.6,80.99999999999999,32.6
Ramadi,Iraq,1,0,2.0,0.8999999999999999,3,0.6,80.99999999999999,32.6
Safi,Morocco,1,0,2.0,0.8999999999999999,3,0.6,80.99999999999999,32.6
Luhansk,Ukraine,1,0,2.0,0.8999999999999999,3,0.6,80.99999999999999,32.6
Nove Zamky,Slovakia,1,0,2.0,0.8999999999999999,3,0.6,80.99999999999999,32.6
Sur,Oman,1,0,2.0,0.8999999999999999,3,0.6,80.99999999999999,32.6
Temirtau,Kazakhstan,1,0,2.0,0.8999999999999999,3,0.6,80.99999999999999,32.6
Manta,Ecuador,1,0,2.0,0.8999999999999999,3,0.6,80.99999999999999,32.6
Turkestan,Kazakhstan,1,0,2.0,0.8999999999999999,3,0.6,80.99999999999999,32.6
Kostanay,Kazakhstan,1,0,2.0,0.9,3,0.6,80.99999999999999,32.6
Pereira,Colombia,1,0,2.0,0.8999999999999999,3,0.6,80.99999999999999,32.6
Kyzylorda,Kazakhstan,1,0,2.0,0.8999999999999999,3,0.6,80.99999999999999,32.6
Baqubah,Iraq,1,0,2.0,0.8999999999999999,3,0.6,80.99999999999999,32.6
Hillah,Iraq,1,0,2.0,0.8999999999999999,3,0.6,80.99999999999999,32.6
Santa Marta,Colombia,1,0,2.0,0.8999999999999999,3,0.6,80.99999999999999,32.6
Bishoftu,Ethiopia,1,0,2.0,0.8999999999999999,3,0.6,80.99999999999999,32.6
Villavicencio,Colombia,1,0,2.0,0.8999999999999999,3,0.6,80.99999999999999,32.6
Ibague,Colombia,1,0,2.0,0.8999999999999999,3,0.6,80.99999999999999,32.6
Larissa,Greece,1,0,2.0,0.8999999999999999,3,0.6,80.99999999999999,32.6
Ambato,Ecuador,1,0,2.0,0.8999999999999999,3,0.6,80.99999999999999,32.6
Symferopol,Ukraine,1,0,2.0,0.8999999999999999,3,0.6,80.99999999999999,32.6
Sevastopol,Ukraine,1,0,2.0,0.8999999999999999,3,0.6,80.99999999999999,32.6
Mueang Nakhon Sawan,Thailand,45,0,1.0,0.5,3,0.5,56.24999999999999,31.5
Krems,Austria,45,0,1.0,0.5,3,0.5,56.24999999999999,31.5
Phitsanulok,Thailand,45,0,1.0,0.5,3,0.5,56.24999999999999,31.5
Leoben,Austria,45,0,1.0,0.5,3,0.5,56.24999999999999,31.5
Rayong,Thailand,45,0,1.0,0.5,3,0.5,56.24999999999999,31.5
Frydek-Mistek,Czech Republic,20,0,1.0,0.5333333333333332,3,0.5333333333333332,63.99999999999997,29.59999999999999
East London,South Africa,20,0,1.0,0.5333333333333332,3,0.5333333333333332,63.99999999999997,29.59999999999999
Fanling,Hong Kong,20,0,1.0,0.5333333333333332,3,0.5333333333333332,63.99999999999997,29.59999999999999
Sylhet,Bangladesh,20,0,1.0,0.5333333333333332,3,0.5333333333333332,63.99999999999997,29.59999999999999
Sai Kung,Hong Kong,20,0,1.0,0.5333333333333332,3,0.5333333333333332,63.99999999999997,29.59999999999999
Shashamane,Ethiopia,1,100,1.0,0.3833333333333333,2,0.3833333333333333,22.04166666666666,29.016666666666666
Madinat Zayed,United Arab Emirates,45,0,3.0,0.9166666666666666,3,0.4583333333333333,47.26562499999999,27.906249999999996
Kenitra,Morocco,1,0,1.0,0.6666666666666667,2,0.6666666666666667,66.66666666666667,26.86666666666667
Dessie,Ethiopia,1,0,1.0,0.6666666666666667,2,0.6666666666666667,66.66666666666667,26.86666666666667
Bahir Dar,Ethiopia,1,0,1.0,0.6666666666666667,2,0.6666666666666667,66.66666666666667,26.86666666666667
Kryvyi Rih,Ukraine,1,0,1.0,0.6666666666666667,2,0.6666666666666667,66.66666666666667,26.86666666666667
Rustaq,Oman,1,0,2.0,1.0,2,0.6666666666666666,66.66666666666666,26.866666666666664
Malindi,Kenya,1,0,2.0,1.0,2,0.6666666666666666,66.66666666666666,26.866666666666664
Dunaujvaros,Hungary,1,0,2.0,1.0,2,0.6666666666666666,66.66666666666666,26.866666666666664
Sumbe,Angola,1,0,2.0,1.0,2,0.6666666666666666,66.66666666666666,26.866666666666664
Zalaegerszeg,Hungary,1,0,2.0,1.0,2,0.6666666666666666,66.66666666666666,26.866666666666664
Khouribga,Morocco,1,0,2.0,1.0,2,0.6666666666666666,66.66666666666666,26.866666666666664
Kitale,Kenya,1,0,2.0,1.0,2,0.6666666666666666,66.66666666666666,26.866666666666664
Cucuta,Colombia,1,0,1.0,0.6666666666666665,2,0.6666666666666665,66.66666666666663,26.866666666666653
Ma On Shan,Hong Kong,20,0,1.0,0.5,3,0.5,56.24999999999999,26.5
Rangpur,Bangladesh,20,0,1.0,0.5,3,0.5,56.24999999999999,26.5
Ismailia,Egypt,20,0,1.0,0.5,3,0.5,56.24999999999999,26.5
Richards Bay,South Africa,20,0,1.0,0.5,3,0.5,56.24999999999999,26.5
Krugersdorp,South Africa,20,0,1.0,0.5,3,0.5,56.24999999999999,26.5
Vereeniging,South Africa,20,0,1.0,0.5,3,0.5,56.24999999999999,26.5
Huanuco,Peru,20,0,1.0,0.5,3,0.5,56.24999999999999,26.5
Vinh,Vietnam,20,0,1.0,0.5,3,0.5,56.24999999999999,26.5
Nha Trang,Vietnam,20,0,1.0,0.5,3,0.5,56.24999999999999,26.5
Sargodha,Pakistan,20,0,1.0,0.5,3,0.5,56.24999999999999,26.5
Witbank,South Africa,20,0,1.0,0.5,3,0.5,56.24999999999999,26.5
Clementi,Singapore,45,0,1.0,0.5333333333333332,2,0.5333333333333332,42.66666666666664,26.06666666666666
Feldkirch,Austria,45,0,1.0,0.5333333333333332,2,0.5333333333333332,42.66666666666664,26.06666666666666
Karbala,Iraq,1,0,2.0,0.7999999999999999,3,0.5333333333333333,63.99999999999999,25.799999999999997
Da Lat,Vietnam,20,0,2.0,0.7333333333333334,3,0.48888888888888893,53.77777777777778,25.511111111111113
Nakhon Si Thammarat,Thailand,45,0,1.0,0.5,2,0.5,37.49999999999999,24.0
Traun,Austria,45,0,1.0,0.5,2,0.5,37.49999999999999,24.0
Amstetten,Austria,45,0,1.0,0.5,2,0.5,37.49999999999999,24.0
Botoșani,Romania,20,0,1.0,0.4666666666666667,3,0.4666666666666667,48.99999999999999,23.599999999999998
Chandpur,Bangladesh,20,0,2.0,0.7,3,0.4666666666666666,48.99999999999998,23.599999999999994
Chiang Rai,Thailand,45,0,2.0,0.6000000000000001,3,0.4000000000000001,36.000000000000014,23.400000000000006
Nakhon Pathom,Thailand,45,0,2.0,0.6000000000000001,3,0.4000000000000001,36.000000000000014,23.400000000000006
Songkhla,Thailand,45,0,2.0,0.6000000000000001,3,0.4000000000000001,36.000000000000014,23.400000000000006
Trabzon,Turkey,45,0,1.0,0.4,3,0.4,36.0,23.4
Al-Qatif,Saudi Arabia,45,0,1.0,0.4,3,0.4,36.0,23.4
Kalba,United Arab Emirates,45,0,1.0,0.4851851851851853,2,0.4851851851851853,35.31069958847737,23.12427983539095
Suez,Egypt,20,0,1.0,0.5555555555555556,2,0.5555555555555556,46.2962962962963,22.51851851851852
Khor Fakkan,United Arab Emirates,45,0,1.0,0.3833333333333333,3,0.3833333333333333,33.06249999999999,22.224999999999998
Al Hamriyah,United Arab Emirates,45,0,2.0,0.7,2,0.4666666666666666,32.66666666666666,22.066666666666663
Dibba Al-Hisn,United Arab Emirates,45,0,2.0,0.7,2,0.4666666666666666,32.66666666666666,22.066666666666663
Milagro,Ecuador,1,0,2.0,0.8999999999999999,2,0.6,53.99999999999999,21.799999999999997
Ibarra,Ecuador,1,0,2.0,0.8999999999999999,2,0.6,53.99999999999999,21.799999999999997
Esmeraldas,Ecuador,1,0,2.0,0.8999999999999999,2,0.6,53.99999999999999,21.799999999999997
Makiivka,Ukraine,1,0,2.0,0.8999999999999999,2,0.6,53.99999999999999,21.799999999999997
Sidi Bel Abbes,Algeria,1,0,2.0,0.8999999999999999,2,0.6,53.99999999999999,21.799999999999997
Tébessa,Algeria,1,0,2.0,0.8999999999999999,2,0.6,53.99999999999999,21.799999999999997
Bejaia,Algeria,1,0,2.0,0.8999999999999999,2,0.6,53.99999999999999,21.799999999999997
Vinnytsia,Ukraine,1,0,2.0,0.8999999999999999,2,0.6,53.99999999999999,21.799999999999997
Biskra,Algeria,1,0,2.0,0.8999999999999999,2,0.6,53.99999999999999,21.799999999999997
Levice,Slovakia,1,0,2.0,0.8999999999999999,2,0.6,53.99999999999999,21.799999999999997
Nasiriyah,Iraq,1,0,2.0,0.8999999999999999,2,0.6,53.99999999999999,21.799999999999997
Najaf,Iraq,1,0,2.0,0.8999999999999999,2,0.6,53.99999999999999,21.799999999999997
Humenne,Slovakia,1,0,2.0,0.8999999999999999,2,0.6,53.99999999999999,21.799999999999997
Chernihiv,Ukraine,1,0,2.0,0.8999999999999999,2,0.6,53.99999999999999,21.799999999999997
Poltava,Ukraine,1,0,2.0,0.8999999999999999,2,0.6,53.99999999999999,21.799999999999997
Al Daayen,Qatar,1,0,2.0,0.8999999999999999,2,0.6,53.99999999999999,21.799999999999997
Machakos,Kenya,1,0,2.0,0.8999999999999999,2,0.6,53.99999999999999,21.799999999999997
Petropavl,Kazakhstan,1,0,2.0,0.8999999999999999,2,0.6,53.99999999999999,21.799999999999997
Volos,Greece,1,0,2.0,0.8999999999999999,2,0.6,53.99999999999999,21.799999999999997
Szolnok,Hungary,1,0,2.0,0.8999999999999999,2,0.6,53.99999999999999,21.799999999999997
Bucaramanga,Colombia,1,0,2.0,0.8999999999999999,2,0.6,53.99999999999999,21.799999999999997
Aktau,Kazakhstan,1,0,2.0,0.8999999999999999,2,0.6,53.99999999999999,21.799999999999997
Oral,Kazakhstan,1,0,2.0,0.8999999999999999,2,0.6,53.99999999999999,21.799999999999997
Tetouan,Morocco,1,0,2.0,0.8999999999999999,2,0.6,53.99999999999999,21.799999999999997
Szekesfehervar,Hungary,1,0,2.0,0.8999999999999999,2,0.6,53.99999999999999,21.799999999999997
Valledupar,Colombia,1,0,2.0,0.8999999999999999,2,0.6,53.99999999999999,21.799999999999997
Soacha,Colombia,1,0,2.0,0.8999999999999999,2,0.6,53.99999999999999,21.799999999999997
Zvolen,Slovakia,1,0,2.0,0.8999999999999999,2,0.6,53.99999999999999,21.799999999999997
Povazska Bystrica,Slovakia,1,0,2.0,0.8999999999999999,2,0.6,53.99999999999999,21.799999999999997
Malanje,Angola,1,0,2.0,0.8999999999999999,2,0.6,53.99999999999999,21.799999999999997
Piraeus,Greece,1,0,2.0,0.8999999999999999,2,0.6,53.99999999999999,21.799999999999997
New Plymouth,New Zealand,20,0,1.0,0.5333333333333332,2,0.5333333333333332,42.66666666666664,21.06666666666666
Whangarei,New Zealand,20,0,1.0,0.5333333333333332,2,0.5333333333333332,42.66666666666664,21.06666666666666
Fintas,Kuwait,1,0,2.0,0.7,3,0.4666666666666666,48.99999999999998,19.799999999999994
Sabahiya,Kuwait,1,0,2.0,0.7,3,0.4666666666666666,48.99999999999998,19.799999999999994
Abu Halifa,Kuwait,1,0,2.0,0.7,3,0.4666666666666666,48.99999999999998,19.799999999999994
Madinat ash Shamal,Qatar,1,0,2.0,0.7,3,0.4666666666666666,48.99999999999998,19.799999999999994
Fereej Bin Mahmoud,Qatar,1,0,2.0,0.7,3,0.4666666666666666,48.99999999999998,19.799999999999994
Um Al Hayman,Kuwait,1,0,2.0,0.7,3,0.4666666666666666,48.99999999999998,19.799999999999994
Tulcán,Ecuador,1,0,2.0,0.7,3,0.4666666666666666,48.99999999999998,19.799999999999994
Menongue,Angola,1,0,2.0,0.7,3,0.4666666666666666,48.99999999999998,19.799999999999994
Azogues,Ecuador,1,0,2.0,0.7,3,0.4666666666666666,48.99999999999998,19.799999999999994
Bayan,Kuwait,1,0,2.0,0.7,3,0.4666666666666666,48.99999999999998,19.799999999999994
Ndalatando,Angola,1,0,2.0,0.7,3,0.4666666666666666,48.99999999999998,19.799999999999994
Lucapa,Angola,1,0,2.0,0.7,3,0.4666666666666666,48.99999999999998,19.799999999999994
Xangongo,Angola,1,0,2.0,0.7,3,0.4666666666666666,48.99999999999998,19.799999999999994
Ain Khaled,Qatar,1,0,2.0,0.7,3,0.4666666666666666,48.99999999999998,19.799999999999994
Cazombo,Angola,1,0,2.0,0.7,3,0.4666666666666666,48.99999999999998,19.799999999999994
Longonjo,Angola,1,0,2.0,0.7,3,0.4666666666666666,48.99999999999998,19.799999999999994
Tikrit,Iraq,1,0,2.0,0.7,3,0.4666666666666666,48.99999999999998,19.799999999999994
Shinas,Oman,1,0,2.0,0.7,3,0.4666666666666666,48.99999999999998,19.799999999999994
Education City,Qatar,1,0,2.0,0.7,3,0.4666666666666666,48.99999999999998,19.799999999999994
Al-Mangaf,Kuwait,1,0,2.0,0.7,3,0.4666666666666666,48.99999999999998,19.799999999999994
Lamu,Kenya,1,0,2.0,0.7,3,0.4666666666666666,48.99999999999998,19.799999999999994
Al Hoceima,Morocco,1,0,2.0,0.7,3,0.4666666666666666,48.99999999999998,19.799999999999994
Al Shahaniya,Qatar,1,0,2.0,0.7,3,0.4666666666666666,48.99999999999998,19.799999999999994
Fereej Abdul Aziz,Qatar,1,0,2.0,0.7,3,0.4666666666666666,48.99999999999998,19.799999999999994
Thai Nguyen,Vietnam,20,0,1.0,0.5,2,0.5,37.49999999999999,19.0
Hue,Vietnam,20,0,1.0,0.5,2,0.5,37.49999999999999,19.0
Invercargill,New Zealand,20,0,1.0,0.5,2,0.5,37.49999999999999,19.0
Decin,Czech Republic,20,0,1.0,0.5,2,0.5,37.49999999999999,19.0
Long Xuyen,Vietnam,20,0,1.0,0.5,2,0.5,37.49999999999999,19.0
Buon Ma Thuot,Vietnam,20,0,1.0,0.5,2,0.5,37.49999999999999,19.0
Al-Mansura,Egypt,20,0,1.0,0.5,2,0.5,37.49999999999999,19.0
Vung Tau,Vietnam,20,0,1.0,0.5,2,0.5,37.49999999999999,19.0
Tanta,Egypt,20,0,1.0,0.5,2,0.5,37.49999999999999,19.0
Wan Chai,Hong Kong,20,0,1.0,0.5,2,0.5,37.49999999999999,19.0
Asyut,Egypt,20,0,1.0,0.5,2,0.5,37.49999999999999,19.0
El-Mahalla El-Kubra,Egypt,20,0,1.0,0.5,2,0.5,37.49999999999999,19.0
Bac Ninh,Vietnam,20,0,1.0,0.5,2,0.5,37.49999999999999,19.0
Teplice,Czech Republic,20,0,1.0,0.5,2,0.5,37.49999999999999,19.0
Luxor,Egypt,20,0,1.0,0.5,2,0.5,37.49999999999999,19.0
Quy Nhon,Vietnam,20,0,1.0,0.5,2,0.5,37.49999999999999,19.0
Sisli,Turkey,45,0,1.0,0.33333333333333337,3,0.33333333333333337,25.0,19.0
Bloemfontein,South Africa,20,0,1.0,0.5,2,0.5,37.49999999999999,19.0
Whanganui,New Zealand,20,0,1.0,0.5,2,0.5,37.49999999999999,19.0
Al Muwaylih,United Arab Emirates,45,0,2.0,0.6000000000000001,2,0.4000000000000001,24.000000000000007,18.6
Dhaid,United Arab Emirates,45,0,1.0,0.4,2,0.4,24.000000000000004,18.6
Ruwais,United Arab Emirates,45,0,2.0,0.6,2,0.39999999999999997,23.999999999999996,18.6
Tumbes,Peru,20,0,1.0,0.40000000000000013,3,0.40000000000000013,36.000000000000014,18.400000000000006
Rach Gia,Vietnam,20,0,1.0,0.40000000000000013,3,0.40000000000000013,36.000000000000014,18.400000000000006
Central,Hong Kong,20,0,1.0,0.40000000000000013,3,0.40000000000000013,36.000000000000014,18.400000000000006
Jhang,Pakistan,20,0,1.0,0.40000000000000013,3,0.40000000000000013,36.000000000000014,18.400000000000006
Sheikhupura,Pakistan,20,0,1.0,0.40000000000000013,3,0.40000000000000013,36.000000000000014,18.400000000000006
Bogra,Bangladesh,20,0,1.0,0.40000000000000013,3,0.40000000000000013,36.000000000000014,18.400000000000006
Dera Ghazi Khan,Pakistan,20,0,1.0,0.40000000000000013,3,0.40000000000000013,36.000000000000014,18.400000000000006
Gujrat,Pakistan,20,0,1.0,0.40000000000000013,3,0.40000000000000013,36.000000000000014,18.400000000000006
Dinajpur,Bangladesh,20,0,1.0,0.40000000000000013,3,0.40000000000000013,36.000000000000014,18.400000000000006
Pisco,Peru,20,0,1.0,0.40000000000000013,3,0.40000000000000013,36.000000000000014,18.400000000000006
Masterton,New Zealand,20,0,1.0,0.40000000000000013,3,0.40000000000000013,36.000000000000014,18.400000000000006
Gisborne,New Zealand,20,0,2.0,0.7333333333333334,2,0.48888888888888893,35.851851851851855,18.340740740740742
Mykolaiv,Ukraine,1,0,1.0,0.44444444444444453,3,0.44444444444444453,44.44444444444446,17.97777777777778
Temara,Morocco,1,0,2.0,0.7999999999999999,2,0.5333333333333333,42.66666666666666,17.266666666666662
Sulaymaniyah,Iraq,1,0,1.0,0.5333333333333332,2,0.5333333333333332,42.66666666666664,17.26666666666666
Nawabganj,Bangladesh,20,0,2.0,0.7,2,0.4666666666666666,32.66666666666666,17.066666666666663
Tangail,Bangladesh,20,0,2.0,0.7,2,0.4666666666666666,32.66666666666666,17.066666666666663
Lampang,Thailand,45,0,1.0,0.28888888888888886,3,0.28888888888888886,18.777777777777775,16.51111111111111
Chernivtsi,Ukraine,1,0,1.0,0.40000000000000013,3,0.40000000000000013,36.000000000000014,14.600000000000005
Eger,Hungary,1,0,1.0,0.40000000000000013,3,0.40000000000000013,36.000000000000014,14.600000000000005
Bekescsaba,Hungary,1,0,1.0,0.40000000000000013,3,0.40000000000000013,36.000000000000014,14.600000000000005
Veszprem,Hungary,1,0,1.0,0.40000000000000013,3,0.40000000000000013,36.000000000000014,14.600000000000005
Mesaieed,Qatar,1,0,1.0,0.40000000000000013,3,0.40000000000000013,36.000000000000014,14.600000000000005
Amarah,Iraq,1,0,1.0,0.40000000000000013,3,0.40000000000000013,36.000000000000014,14.600000000000005
Dohuk,Iraq,1,0,1.0,0.40000000000000013,3,0.40000000000000013,36.000000000000014,14.600000000000005
Kombolcha,Ethiopia,1,0,1.0,0.40000000000000013,3,0.40000000000000013,36.000000000000014,14.600000000000005
Debre Markos,Ethiopia,1,0,1.0,0.40000000000000013,3,0.40000000000000013,36.000000000000014,14.600000000000005
Monteria,Colombia,1,0,1.0,0.40000000000000013,3,0.40000000000000013,36.000000000000014,14.600000000000005
Médéa,Algeria,1,0,1.0,0.40000000000000013,3,0.40000000000000013,36.000000000000014,14.600000000000005
Béchar,Algeria,1,0,1.0,0.40000000000000013,3,0.40000000000000013,36.000000000000014,14.600000000000005
Tlemcen,Algeria,1,0,1.0,0.40000000000000013,3,0.40000000000000013,36.000000000000014,14.600000000000005
Arba Minch,Ethiopia,1,0,1.0,0.40000000000000013,3,0.40000000000000013,36.000000000000014,14.600000000000005
Sodo,Ethiopia,1,0,1.0,0.40000000000000013,3,0.40000000000000013,36.000000000000014,14.600000000000005
Manizales,Colombia,1,0,1.0,0.40000000000000013,3,0.40000000000000013,36.000000000000014,14.600000000000005
Armenia,Colombia,1,0,1.0,0.40000000000000013,3,0.40000000000000013,36.000000000000014,14.600000000000005
Hosaena,Ethiopia,1,0,1.0,0.40000000000000013,3,0.40000000000000013,36.000000000000014,14.600000000000005
El Jadida,Morocco,1,0,1.0,0.40000000000000013,3,0.40000000000000013,36.000000000000014,14.600000000000005
Kuito,Angola,1,0,1.0,0.40000000000000013,3,0.40000000000000013,36.000000000000014,14.600000000000005
Naivasha,Kenya,1,0,1.0,0.40000000000000013,3,0.40000000000000013,36.000000000000014,14.600000000000005
Kokshetau,Kazakhstan,1,0,1.0,0.40000000000000013,3,0.40000000000000013,36.000000000000014,14.600000000000005
Izki,Oman,1,0,1.0,0.40000000000000013,3,0.40000000000000013,36.000000000000014,14.600000000000005
Saham,Oman,1,0,1.0,0.40000000000000013,3,0.40000000000000013,36.000000000000014,14.600000000000005
Beni Mellal,Morocco,1,0,1.0,0.40000000000000013,3,0.40000000000000013,36.000000000000014,14.600000000000005
Ioannina,Greece,1,0,1.0,0.40000000000000013,3,0.40000000000000013,36.000000000000014,14.600000000000005
Nekemte,Ethiopia,1,0,1.0,0.40000000000000013,3,0.40000000000000013,36.000000000000014,14.600000000000005
Chania,Greece,1,0,1.0,0.40000000000000013,3,0.40000000000000013,36.000000000000014,14.600000000000005
Babahoyo,Ecuador,1,0,1.0,0.40000000000000013,3,0.40000000000000013,36.000000000000014,14.600000000000005
Dilla,Ethiopia,1,0,1.0,0.40000000000000013,3,0.40000000000000013,36.000000000000014,14.600000000000005
Nador,Morocco,1,0,1.0,0.40000000000000013,3,0.40000000000000013,36.000000000000014,14.600000000000005
Glyfada,Greece,1,0,1.0,0.40000000000000013,3,0.40000000000000013,36.000000000000014,14.600000000000005
Rudny,Kazakhstan,1,0,1.0,0.40000000000000013,3,0.40000000000000013,36.000000000000014,14.600000000000005
Chalcis,Greece,1,0,1.0,0.40000000000000013,3,0.40000000000000013,36.000000000000014,14.600000000000005
Skikda,Algeria,1,0,1.0,0.3999999999999999,3,0.3999999999999999,35.99999999999998,14.59999999999999
Blenheim,New Zealand,20,0,1.0,0.40000000000000013,2,0.40000000000000013,24.000000000000014,13.600000000000007
Ayacucho,Peru,20,0,1.0,0.40000000000000013,2,0.40000000000000013,24.000000000000014,13.600000000000007
Jessore,Bangladesh,20,0,1.0,0.40000000000000013,2,0.40000000000000013,24.000000000000014,13.600000000000007
Timaru,New Zealand,20,0,1.0,0.40000000000000013,2,0.40000000000000013,24.000000000000014,13.600000000000007
Minya,Egypt,20,0,1.0,0.40000000000000013,2,0.40000000000000013,24.000000000000014,13.600000000000007
Nam Dinh,Vietnam,20,0,1.0,0.40000000000000013,2,0.40000000000000013,24.000000000000014,13.600000000000007
Ca Mau,Vietnam,20,0,1.0,0.40000000000000013,2,0.40000000000000013,24.000000000000014,13.600000000000007
Mong Kok,Hong Kong,20,0,1.0,0.40000000000000013,2,0.40000000000000013,24.000000000000014,13.600000000000007
Zagazig,Egypt,20,0,1.0,0.40000000000000013,2,0.40000000000000013,24.000000000000014,13.600000000000007
Taupo,New Zealand,20,0,1.0,0.40000000000000013,2,0.40000000000000013,24.000000000000014,13.600000000000007
Levin,New Zealand,20,0,1.0,0.40000000000000013,2,0.40000000000000013,24.000000000000014,13.600000000000007
Hung Hom,Hong Kong,20,0,1.0,0.40000000000000013,2,0.40000000000000013,24.000000000000014,13.600000000000007
Sukkur,Pakistan,20,0,1.0,0.40000000000000013,2,0.40000000000000013,24.000000000000014,13.600000000000007
Rahim Yar Khan,Pakistan,20,0,1.0,0.40000000000000013,2,0.40000000000000013,24.000000000000014,13.600000000000007
Shau Kei Wan,Hong Kong,20,0,1.0,0.40000000000000013,2,0.40000000000000013,24.000000000000014,13.600000000000007
Tongi,Bangladesh,20,0,1.0,0.40000000000000013,2,0.40000000000000013,24.000000000000014,13.600000000000007
Barisal,Bangladesh,20,0,1.0,0.40000000000000013,2,0.40000000000000013,24.000000000000014,13.600000000000007
Causeway Bay,Hong Kong,20,0,1.0,0.40000000000000013,2,0.40000000000000013,24.000000000000014,13.600000000000007
Larkana,Pakistan,20,0,1.0,0.40000000000000013,2,0.40000000000000013,24.000000000000014,13.600000000000007
Beni Suef,Egypt,20,0,1.0,0.40000000000000013,2,0.40000000000000013,24.000000000000014,13.600000000000007
Aberdeen,Hong Kong,20,0,1.0,0.40000000000000013,2,0.40000000000000013,24.000000000000014,13.600000000000007
Dammietta,Egypt,20,0,1.0,0.40000000000000013,2,0.40000000000000013,24.000000000000014,13.600000000000007
Aswan,Egypt,20,0,1.0,0.40000000000000013,2,0.40000000000000013,24.000000000000014,13.600000000000007
Damanhur,Egypt,20,0,2.0,0.6000000000000001,2,0.4000000000000001,24.000000000000007,13.600000000000003
Fayyum,Egypt,20,0,2.0,0.6000000000000001,2,0.4000000000000001,24.000000000000007,13.600000000000003
Comilla,Bangladesh,20,0,1.0,0.4,2,0.4,24.000000000000004,13.600000000000001
Al Suwaiq,Oman,1,0,2.0,0.7,2,0.4666666666666666,32.66666666666666,13.266666666666662
Ar Riqqah,Kuwait,1,0,2.0,0.7,2,0.4666666666666666,32.66666666666666,13.266666666666662
Bahla,Oman,1,0,2.0,0.7,2,0.4666666666666666,32.66666666666666,13.266666666666662
Dundo,Angola,1,0,2.0,0.7,2,0.4666666666666666,32.66666666666666,13.266666666666662
Rumaithiyya,Kuwait,1,0,2.0,0.7,2,0.4666666666666666,32.66666666666666,13.266666666666662
Nueva Loja,Ecuador,1,0,2.0,0.7,2,0.4666666666666666,32.66666666666666,13.266666666666662
Mishref,Kuwait,1,0,2.0,0.7,2,0.4666666666666666,32.66666666666666,13.266666666666662
Ruq'i,Kuwait,1,0,2.0,0.7,2,0.4666666666666666,32.66666666666666,13.266666666666662
Salwa,Kuwait,1,0,2.0,0.7,2,0.4666666666666666,32.66666666666666,13.266666666666662
Diyala,Iraq,1,0,2.0,0.7,2,0.4666666666666666,32.66666666666666,13.266666666666662
Khasab,Oman,1,0,2.0,0.7,2,0.4666666666666666,32.66666666666666,13.266666666666662
Al Hamra,Oman,1,0,2.0,0.7,2,0.4666666666666666,32.66666666666666,13.266666666666662
Sabah Al-Salem,Kuwait,1,0,2.0,0.7,2,0.4666666666666666,32.66666666666666,13.266666666666662
West Bay,Qatar,1,0,1.0,0.46666666666666656,2,0.46666666666666656,32.66666666666665,13.26666666666666
Pucallpa,Peru,20,0,1.0,0.2999999999999998,3,0.2999999999999998,20.249999999999975,12.09999999999999
Newcastle,South Africa,20,0,1.0,0.2999999999999998,3,0.2999999999999998,20.249999999999975,12.09999999999999
San Pedro de la Paz,Chile,20,0,1.0,0.2999999999999998,3,0.2999999999999998,20.249999999999975,12.09999999999999
Copiapó,Chile,20,0,1.0,0.2999999999999998,3,0.2999999999999998,20.249999999999975,12.09999999999999
Sønderborg,Denmark,20,0,1.0,0.2999999999999998,3,0.2999999999999998,20.249999999999975,12.09999999999999
Osorno,Chile,20,0,1.0,0.2999999999999998,3,0.2999999999999998,20.249999999999975,12.09999999999999
Calama,Chile,20,0,1.0,0.2999999999999998,3,0.2999999999999998,20.249999999999975,12.09999999999999
Vanderbijlpark,South Africa,20,0,1.0,0.2999999999999998,3,0.2999999999999998,20.249999999999975,12.09999999999999
Welkom,South Africa,20,0,1.0,0.2999999999999998,3,0.2999999999999998,20.249999999999975,12.09999999999999
Saurimo,Angola,1,0,2.0,0.6666666666666666,2,0.4444444444444444,29.629629629629626,12.05185185185185
Kut,Iraq,1,0,1.0,0.40000000000000013,2,0.40000000000000013,24.000000000000014,9.800000000000006
Al Khor,Qatar,1,0,1.0,0.40000000000000013,2,0.40000000000000013,24.000000000000014,9.800000000000006
Umm Salal,Qatar,1,0,1.0,0.40000000000000013,2,0.40000000000000013,24.000000000000014,9.800000000000006
Al Aziziyah,Qatar,1,0,1.0,0.40000000000000013,2,0.40000000000000013,24.000000000000014,9.800000000000006
Samawah,Iraq,1,0,1.0,0.40000000000000013,2,0.40000000000000013,24.000000000000014,9.800000000000006
Ekibastuz,Kazakhstan,1,0,1.0,0.40000000000000013,2,0.40000000000000013,24.000000000000014,9.800000000000006
Nikaia,Greece,1,0,1.0,0.40000000000000013,2,0.40000000000000013,24.000000000000014,9.800000000000006
Kalamaria,Greece,1,0,1.0,0.40000000000000013,2,0.40000000000000013,24.000000000000014,9.800000000000006
Acharnes,Greece,1,0,1.0,0.40000000000000013,2,0.40000000000000013,24.000000000000014,9.800000000000006
Harar,Ethiopia,1,0,1.0,0.40000000000000013,2,0.40000000000000013,24.000000000000014,9.800000000000006
Ilion,Greece,1,0,1.0,0.40000000000000013,2,0.40000000000000013,24.000000000000014,9.800000000000006
Eloy Alfaro,Ecuador,1,0,1.0,0.40000000000000013,2,0.40000000000000013,24.000000000000014,9.800000000000006
Rhodes,Greece,1,0,1.0,0.40000000000000013,2,0.40000000000000013,24.000000000000014,9.800000000000006
Latacunga,Ecuador,1,0,1.0,0.40000000000000013,2,0.40000000000000013,24.000000000000014,9.800000000000006
Zografou,Greece,1,0,1.0,0.40000000000000013,2,0.40000000000000013,24.000000000000014,9.800000000000006
Agios Dimitrios,Greece,1,0,1.0,0.40000000000000013,2,0.40000000000000013,24.000000000000014,9.800000000000006
Riobamba,Ecuador,1,0,1.0,0.40000000000000013,2,0.40000000000000013,24.000000000000014,9.800000000000006
Quevedo,Ecuador,1,0,1.0,0.40000000000000013,2,0.40000000000000013,24.000000000000014,9.800000000000006
Kaposvar,Hungary,1,0,1.0,0.40000000000000013,2,0.40000000000000013,24.000000000000014,9.800000000000006
Kallithea,Greece,1,0,1.0,0.40000000000000013,2,0.40000000000000013,24.000000000000014,9.800000000000006
Neiva,Colombia,1,0,1.0,0.40000000000000013,2,0.40000000000000013,24.000000000000014,9.800000000000006
El Oued,Algeria,1,0,1.0,0.40000000000000013,2,0.40000000000000013,24.000000000000014,9.800000000000006
Jijel,Algeria,1,0,1.0,0.40000000000000013,2,0.40000000000000013,24.000000000000014,9.800000000000006
Tiaret,Algeria,1,0,1.0,0.40000000000000013,2,0.40000000000000013,24.000000000000014,9.800000000000006
Kericho,Kenya,1,0,1.0,0.40000000000000013,2,0.40000000000000013,24.000000000000014,9.800000000000006
Nyeri,Kenya,1,0,1.0,0.40000000000000013,2,0.40000000000000013,24.000000000000014,9.800000000000006
Mohammedia,Morocco,1,0,1.0,0.40000000000000013,2,0.40000000000000013,24.000000000000014,9.800000000000006
Sopron,Hungary,1,0,1.0,0.40000000000000013,2,0.40000000000000013,24.000000000000014,9.800000000000006
Madinat Khalifa,Qatar,1,0,1.0,0.40000000000000013,2,0.40000000000000013,24.000000000000014,9.800000000000006
The Pearl,Qatar,1,0,1.0,0.40000000000000013,2,0.40000000000000013,24.000000000000014,9.800000000000006
Érd,Hungary,1,0,1.0,0.40000000000000013,2,0.40000000000000013,24.000000000000014,9.800000000000006
Kisii,Kenya,1,0,1.0,0.40000000000000013,2,0.40000000000000013,24.000000000000014,9.800000000000006
Fahaheel,Kuwait,1,0,1.0,0.40000000000000013,2,0.40000000000000013,24.000000000000014,9.800000000000006
Al Markhiya,Qatar,1,0,1.0,0.40000000000000013,2,0.40000000000000013,24.000000000000014,9.800000000000006
Bila Tserkva,Ukraine,1,0,1.0,0.40000000000000013,2,0.40000000000000013,24.000000000000014,9.800000000000006
Fallujah,Iraq,1,0,1.0,0.40000000000000013,2,0.40000000000000013,24.000000000000014,9.800000000000006
Mostaganem,Algeria,1,0,1.0,0.40000000000000013,2,0.40000000000000013,24.000000000000014,9.800000000000006
Namibe,Angola,1,0,1.0,0.40000000000000013,2,0.40000000000000013,24.000000000000014,9.800000000000006
Embu,Kenya,1,0,1.0,0.40000000000000013,2,0.40000000000000013,24.000000000000014,9.800000000000006
Al Buraymi,Oman,1,0,1.0,0.40000000000000013,2,0.40000000000000013,24.000000000000014,9.800000000000006
Wajir,Kenya,1,0,1.0,0.40000000000000013,2,0.40000000000000013,24.000000000000014,9.800000000000006
Al Khaburah,Oman,1,0,1.0,0.40000000000000013,2,0.40000000000000013,24.000000000000014,9.800000000000006
Nizwa,Oman,1,0,1.0,0.4,2,0.4,24.000000000000004,9.8
Ica,Peru,20,0,1.0,0.2999999999999998,2,0.2999999999999998,13.499999999999982,9.399999999999993
Punta Arenas,Chile,20,0,1.0,0.2999999999999998,2,0.2999999999999998,13.499999999999982,9.399999999999993
Villa Alemana,Chile,20,0,1.0,0.2999999999999998,2,0.2999999999999998,13.499999999999982,9.399999999999993
Fredericia,Denmark,20,0,1.0,0.2999999999999998,2,0.2999999999999998,13.499999999999982,9.399999999999993
Tembisa,South Africa,20,0,1.0,0.2999999999999998,2,0.2999999999999998,13.499999999999982,9.399999999999993
Juliaca,Peru,20,0,1.0,0.2999999999999998,2,0.2999999999999998,13.499999999999982,9.399999999999993
Boksburg,South Africa,20,0,1.0,0.2999999999999998,2,0.2999999999999998,13.499999999999982,9.399999999999993
Valdivia,Chile,20,0,1.0,0.2999999999999998,2,0.2999999999999998,13.499999999999982,9.399999999999993
Sohag,Egypt,20,0,2.0,0.44444444444444453,2,0.29629629629629634,13.168724279835393,9.267489711934157
Loja,Ecuador,1,0,1.0,0.29999999999999993,3,0.29999999999999993,20.249999999999986,8.299999999999994
Diwaniyah,Iraq,1,0,1.0,0.29999999999999993,3,0.29999999999999993,20.249999999999986,8.299999999999994
Michalovce,Slovakia,1,0,1.0,0.2999999999999998,3,0.2999999999999998,20.249999999999975,8.29999999999999
Heraklion,Greece,1,0,1.0,0.2999999999999998,3,0.2999999999999998,20.249999999999975,8.29999999999999
Bardejov,Slovakia,1,0,1.0,0.2999999999999998,3,0.2999999999999998,20.249999999999975,8.29999999999999
Soyo,Angola,1,0,3.0,0.7333333333333333,2,0.36666666666666664,20.16666666666666,8.266666666666664
Putrajaya,Malaysia,20,0,1.0,0.19999999999999996,3,0.19999999999999996,8.999999999999995,7.599999999999998
Jijiga,Ethiopia,1,0,1.0,0.35,2,0.35,18.374999999999996,7.549999999999999
Szombathely,Hungary,1,0,1.0,0.35,2,0.35,18.374999999999996,7.549999999999999
Faridpur,Bangladesh,20,0,1.0,0.23333333333333334,2,0.23333333333333334,8.166666666666666,7.266666666666667
Uige,Angola,1,0,1.0,0.33333333333333337,2,0.33333333333333337,16.666666666666668,6.866666666666668
Muaither,Qatar,1,0,1.0,0.33333333333333337,2,0.33333333333333337,16.666666666666668,6.866666666666668
Djelfa,Algeria,1,0,1.0,0.29999999999999993,2,0.29999999999999993,13.499999999999991,5.599999999999997
Peristeri,Greece,1,0,1.0,0.29999999999999993,2,0.29999999999999993,13.499999999999991,5.599999999999997
Komarno,Slovakia,1,0,1.0,0.2999999999999998,2,0.2999999999999998,13.499999999999982,5.599999999999993
Salmiya,Kuwait,1,0,1.0,0.2999999999999998,2,0.2999999999999998,13.499999999999982,5.599999999999993
Pasto,Colombia,1,0,1.0,0.2999999999999998,2,0.2999999999999998,13.499999999999982,5.599999999999993
